3.14048
3.14224
3.14132
3.14367
3.141992
3.142453
3.142097
3.141355
3.14128
3.14162
3.141582
3.141023
3.14048
3.140414
3.139893
3.139815
3.139214
3.139036
3.139025
3.139306
3.139303
3.139509
3.139743
3.140175
3.140251
3.140475
3.140821
3.1404
3.140608
3.14026
3.139787
3.139854
3.139759
3.13996
3.140213
3.139947
3.139918
3.139799
3.139716
3.139678
3.139758
3.139782
3.139712
3.140045
3.140081
3.140043
3.13999
3.140134
3.140268
3.140394
3.140487
3.140658
3.140638
3.140754
3.140772
3.140684
3.140593
3.140493
3.140577
3.140517
3.140674
3.140634
3.140502
3.140599
3.140745
3.140737
3.140745
3.140809
3.140813
3.140889
3.140932
3.140862
3.14089
3.140946
3.141028
3.140982
3.140996
3.140949
3.141011
3.141066
3.141101
3.141121
3.141036
3.141106
3.141143
3.141063
3.141059
3.141089
3.141073
3.141004
3.141043
3.141223
3.141212
3.141164
3.141058
3.141095
3.140998
3.141037
3.141019
3.141095
3.141096
3.14112
3.141163
3.141129
3.141203
3.141184
3.141227
3.141297
3.141256
3.141207
3.141232
3.141275
3.141275
3.141194
3.141211
3.141267
3.141263
3.141266
3.141295
3.141335
3.141333
3.141286
3.141242
3.141252
3.141259
3.141262
3.141261
3.141318
3.14126
3.141273
3.141352
3.141345
3.141305
3.141297
3.141355
3.141367
3.141348
3.141357
3.141329
3.141258
3.141316
3.141351
3.141337
3.141365
3.141351
3.141387
3.141417
3.141445
3.141438
3.141455
3.141416
3.141441
3.141467
3.141492
3.141427
3.141414
3.141382
3.141365
3.141345
3.141416
3.141387
3.141363
3.141334
3.14137
3.141386
3.141362
3.14138
3.141336
3.141344
3.141363
3.141373
3.141425
3.141407
3.141421
3.141405
3.14146
3.141455
3.141447
3.141477
3.141503
3.141515
3.141537
3.141536
3.141536
3.141541
3.141554
3.141543
3.141547
3.141485
3.141491
3.141496
3.141521
3.141507
3.141479
3.141465
3.141439
3.141434
3.141423
3.141453
3.141453
3.141446
3.141487
3.14147
3.14149
3.141475
3.141467
3.141473
3.141467
3.141489
3.141508
3.141496
3.141488
3.141502
3.14151
3.141513
3.141536
3.141544
3.141546
3.141549
3.141587
3.141598
3.141595
3.141604
3.141559
3.141539
3.141552
3.141576
3.141563
3.141544
3.141544
3.141534
3.141531
3.141566
3.14157
3.141604
3.141604
3.141589
3.141568
3.141577
3.141588
3.141584
3.141572
3.141566
3.141549
3.141583
3.141571
3.141572
3.141573
3.141567
3.141582
3.141601
3.141606
3.141596
3.141583
3.141576
3.141575
3.141589
3.141569
3.141579
3.14158
3.141571
3.141574
3.141577
3.141583
3.141604
3.141594
3.141559
3.141567
3.141582
3.141553
3.141499
3.141454
3.141449
3.141425
3.141416
3.141426
3.141433
3.141462
3.141446
3.14146
3.141443
3.141439
3.141432
3.141444
3.141449
3.141417
3.141419
3.141423
3.141418
3.141395
3.141369
3.141376
3.141368
3.141382
3.141366
3.141385
3.141426
3.141409
3.141399
3.141422
3.141437
3.141466
3.141467
3.14146
3.141455
3.141434
3.141417
3.141439
3.14143
3.141424
3.141421
3.141426
3.141423
3.14141
3.141391
3.141385
3.141384
3.141354
3.141347
3.141345
3.141342
3.141336
3.141324
3.141312
3.141333
3.141314
3.141315
3.14132
3.141341
3.141348
3.141353
3.141373
3.141377
3.141399
3.141429
3.141417
3.141422
3.141424
3.141431
3.14141
3.141408
3.141438
3.141457
3.141464
3.141462
3.141463
3.141466
3.141453
3.14147
3.141507
3.14148
3.14147
3.14148
3.141487
3.141485
3.141481
3.141478
3.141485
3.14148
3.141497
3.141508
3.14149
3.141474
3.141477
3.141473
3.141471
3.141454
3.141433
3.141476
3.141481
3.141466
3.14146
3.141478
3.141469
3.141451
3.141453
3.141466
3.141473
3.141489
3.141493
3.141503
3.141506
3.141492
3.141493
3.141481
3.141496
3.141492
3.141477
3.14148
3.141482
3.141486
3.141481
3.141493
3.141506
3.141495
3.141489
3.141493
3.141488
3.14147
3.14148
3.141483
3.141463
3.141461
3.141489
3.141484
3.141485
3.141468
3.141474
3.141471
3.141467
3.141458
3.14148
3.141516
3.141497
3.141508
3.141502
3.141504
3.14151
3.141513
3.141518
3.141514
3.14153
3.141534
3.141539
3.141529
3.141506
3.141512
3.141521
3.141525
3.141531
3.141529
3.141532
3.14153
3.141512
3.141516
3.141513
3.141548
3.141565
3.141566
3.141558
3.141576
3.141592
3.141602
3.141604
3.141592
3.141563
3.141565
3.141573
3.1416
3.141604
3.141604
3.141622
3.141624
3.141621
3.141618
3.141606
3.141605
3.141598
3.141599
3.141575
3.141574
3.141567
3.14157
3.141578
3.141565
3.141569
3.14158
3.141568
3.141573
3.141554
3.141558
3.141565
3.141553
3.141557
3.141556
3.14158
3.141584
3.141571
3.141583
3.141576
3.141577
3.141569
3.141564
3.141582
3.141587
3.141583
3.141579
3.141579
3.141584
3.141564
3.14156
3.141558
3.141563
3.141567
3.141587
3.141581
3.141556
3.141562
3.141577
3.141583
3.141584
3.14159
3.141563
3.141555
3.141568
3.141566
3.141597
3.141609
3.141608
3.141615
3.141614
3.141616
3.141622
3.141637
3.141632
3.141632
3.141636
3.141639
3.141646
3.141652
3.141656
3.141682
3.141676
3.141675
3.141671
3.141669
3.141672
3.141668
3.141673
3.141683
3.141667
3.141662
3.141652
3.141638
3.14164
3.141647
3.141652
3.141661
3.141665
3.141674
3.141669
3.141671
3.141674
3.141669
3.141673
3.14167
3.141665
3.141661
3.141664
3.14167
3.141668
3.141666
3.141684
3.141678
3.141693
3.141678
3.141667
3.141658
3.141649
3.14164
3.141646
3.141642
3.141647
3.141642
3.141635
3.14164
3.141629
3.141622
3.141632
3.141629
3.14164
3.141643
3.141629
3.141631
3.141614
3.141622
3.141624
3.141622
3.141626
3.141631
3.141626
3.141647
3.141639
3.141634
3.141617
3.141628
3.141621
3.141617
3.141625
3.141626
3.141623
3.14161
3.141617
3.141604
3.141613
3.141602
3.141606
3.141613
3.141617
3.141618
3.14162
3.141615
3.141631
3.141625
3.141638
3.141645
3.141653
3.141661
3.141647
3.141644
3.141646
3.14164
3.141633
3.141621
3.141636
3.141647
3.141653
3.141642
3.141653
3.141663
3.141666
3.141671
3.141681
3.141683
3.141687
3.141693
3.141696
3.141694
3.141673
3.141671
3.141664
3.141655
3.141656
3.141648
3.141637
3.141621
3.141624
3.141619
3.14161
3.141609
3.141605
3.1416
3.1416
3.141594
3.141586
3.141587
3.141603
3.141587
3.141588
3.141585
3.141581
3.141588
3.141582
3.141576
3.141576
3.141565
3.141567
3.141566
3.141549
3.141555
3.141558
3.141566
3.14158
3.141583
3.141579
3.141583
3.141575
3.141571
3.141568
3.14156
3.141558
3.141545
3.141544
3.14155
3.141536
3.141532
3.141535
3.141534
3.141521
3.141524
3.141525
3.141524
3.141528
3.141539
3.141543
3.141538
3.141544
3.141545
3.141552
3.14155
3.141542
3.141551
3.141551
3.14156
3.141567
3.141578
3.141573
3.141582
3.141585
3.141597
3.141592
3.141593
3.141586
3.141581
3.141581
3.141583
3.141581
3.141586
3.141581
3.141592
3.141582
3.141579
3.141574
3.141575
3.141574
3.141565
3.141559
3.141559
3.141543
3.141534
3.141531
3.141534
3.141537
3.141546
3.14155
3.141552
3.14156
3.141555
3.141562
3.141559
3.141558
3.141552
3.141541
3.14154
3.141545
3.141561
3.141564
3.141557
3.141555
3.141543
3.141545
3.141549
3.141544
3.141552
3.141554
3.141552
3.14155
3.141554
3.141546
3.141547
3.141541
3.141552
3.141547
3.141547
3.141539
3.141526
3.141518
3.141513
3.14151
3.141504
3.141495
3.141494
3.141495
3.141502
3.1415
3.141498
3.141502
3.141502
3.141487
3.141483
3.141479
3.141475
3.141474
3.141482
3.141486
3.141484
3.141489
3.141485
3.141483
3.141481
3.141497
3.141502
3.141498
3.141494
3.141492
3.141502
3.1415
3.141488
3.141492
3.141493
3.141492
3.141488
3.141488
3.14148
3.141483
3.141481
3.141481
3.141477
3.141463
3.141466
3.141468
3.141469
3.141462
3.141467
3.141463
3.141461
3.141467
3.141478
3.141478
3.14148
3.141476
3.141462
3.141461
3.14146
3.141455
3.141463
3.141458
3.141454
3.141465
3.14146
3.141465
3.141463
3.141458
3.14145
3.141453
3.141459
3.141455
3.141457
3.141452
3.141458
3.141461
3.14146
3.141463
3.141472
3.141479
3.14148
3.141491
3.141486
3.141475
3.141482
3.141484
3.141479
3.141479
3.141469
3.141473
3.141472
3.141485
3.141464
3.141462
3.14147
3.141473
3.141484
3.141483
3.141486
3.141491
3.14149
3.141493
3.141494
3.141501
3.141501
3.141499
3.141503
3.141505
3.141502
3.141509
3.141503
3.14151
3.141505
3.141498
3.141499
3.1415
3.1415
3.141494
3.141498
3.141493
3.141488
3.14149
3.141491
3.141485
3.141485
3.141489
3.141492
3.141495
3.141493
3.141485
3.141487
3.141487
3.141493
3.141501
3.141506
3.1415
3.141506
3.141511
3.141512
3.14152
3.14152
3.141516
3.141511
3.141509
3.141503
3.141504
3.141513
3.141522
3.14152
3.141524
3.141528
3.141524
3.141529
3.141531
3.141537
3.14153
3.141523
3.141513
3.141516
3.141518
3.14152
3.141519
3.141523
3.141524
3.141526
3.141521
3.141518
3.141522
3.141522
3.141508
3.141514
3.141513
3.14151
3.141518
3.141517
3.141511
3.141513
3.141513
3.141511
3.141503
3.141497
3.141509
3.14151
3.141511
3.141513
3.141514
3.141506
3.141508
3.141502
3.141498
3.141496
3.141496
3.141502
3.141491
3.141494
3.141486
3.141488
3.141488
3.141488
3.141493
3.141496
3.141491
3.141497
3.141489
3.141492
3.14149
3.141493
3.141492
3.141493
3.141492
3.141492
3.141488
3.141486
3.141492
3.141508
3.141503
3.141507
3.141503
3.141497
3.141497
3.141497
3.141499
3.141501
3.141495
3.141496
3.141492
3.141494
3.141503
3.141508
3.141507
3.141504
3.141505
3.141509
3.141506
3.141505
3.141502
3.141503
3.141515
3.141508
3.141507
3.141506
3.141503
3.141496
3.141489
3.141485
3.141479
3.141473
3.141471
3.141465
3.141457
3.141459
3.141461
3.141465
3.141467
3.141473
3.141472
3.141472
3.141471
3.141479
3.141478
3.141486
3.141491
3.141492
3.141502
3.141502
3.141507
3.141499
3.141498
3.141509
3.141504
3.141504
3.141516
3.14152
3.141515
3.141515
3.141522
3.141525
3.141527
3.141523
3.141524
3.141522
3.141524
3.141519
3.141519
3.14152
3.141529
3.141534
3.141537
3.141541
3.141542
3.141545
3.141547
3.141551
3.141552
3.141542
3.141539
3.141538
3.141541
3.141543
3.141541
3.141552
3.141554
3.141553
3.141551
3.14156
3.141548
3.141553
3.141554
3.141552
3.141554
3.141561
3.141562
3.141553
3.141554
3.141556
3.141544
3.141549
3.141554
3.141556
3.141556
3.141555
3.141558
3.141564
3.141568
3.141564
3.14156
3.141567
3.141574
3.141562
3.141564
3.141573
3.141572
3.141574
3.141575
3.141566
3.141565
3.141557
3.141557
3.141559
3.141559
3.14156
3.141563
3.141574
3.141575
3.141577
3.14158
3.141581
3.141577
3.141583
3.141576
3.141578
3.14159
3.141594
3.141602
3.1416
3.1416
3.141603
3.141602
3.141599
3.141598
3.141599
3.141604
3.141603
3.141596
3.141593
3.141595
3.141593
3.141596
3.141594
3.141597
3.141598
3.141594
3.141596
3.141593
3.141591
3.141587
3.141592
3.141594
3.141598
3.141603
3.141603
3.141599
3.141598
3.141589
3.141583
3.141597
3.141603
3.141602
3.141597
3.141605
3.141608
3.141607
3.141603
3.141602
3.141607
3.141604
3.141602
3.141601
3.141601
3.141605
3.141601
3.141599
3.141604
3.141604
3.141604
3.141604
3.141602
3.141608
3.141602
3.141594
3.141597
3.1416
3.141605
3.141608
3.141607
3.141603
3.1416
3.141599
3.141597
3.14159
3.141596
3.141593
3.141597
3.141591
3.141585
3.141584
3.141588
3.141589
3.141592
3.141593
3.141582
3.141575
3.141577
3.141578
3.141582
3.14158
3.141578
3.141584
3.141579
3.14158
3.141577
3.14158
3.141582
3.141583
3.141586
3.141588
3.141587
3.141593
3.141592
3.141598
3.141594
3.141587
3.141587
3.14158
3.141574
3.141576
3.141575
3.141573
3.14157
3.141574
3.141577
3.141578
3.141571
3.141572
3.14158
3.141582
3.141589
3.14159
3.141582
3.141592
3.141592
3.141592
3.141594
3.141595
3.141592
3.141593
3.141598
3.141595
3.141594
3.14159
3.141592
3.141594
3.141595
3.141587
3.141585
3.141589
3.141587
3.141587
3.141586
3.141585
3.141584
3.141585
3.141585
3.141576
3.141581
3.141576
3.14158
3.141595
3.141594
3.141595
3.141596
3.141602
3.141604
3.141609
3.141616
3.141622
3.141632
3.141633
3.141636
3.141639
3.141645
3.14165
3.141648
3.141648
3.141636
3.141637
3.141641
3.141642
3.141644
3.141638
3.141641
3.141641
3.141639
3.141644
3.141656
3.141651
3.141653
3.141651
3.141645
3.141651
3.141654
3.141659
3.141665
3.141665
3.141668
3.141673
3.141671
3.141667
3.141666
3.14167
3.141665
3.141657
3.141656
3.141651
3.141652
3.141648
3.141649
3.141647
3.141644
3.141643
3.141648
3.141646
3.141644
3.141646
3.141644
3.141642
3.141642
3.141635
3.141633
3.141642
3.141649
3.14165
3.14165
3.141648
3.141646
3.14164
3.141638
3.141642
3.141647
3.141641
3.141648
3.141647
3.141647
3.141649
3.141655
3.141653
3.141651
3.141651
3.141652
3.141652
3.141658
3.141659
3.141654
3.141665
3.141652
3.141649
3.141652
3.141658
3.141658
3.141657
3.141653
3.141653
3.141655
3.141657
3.141655
3.14165
3.141648
3.141645
3.141645
3.141645
3.141642
3.141642
3.141638
3.141639
3.141637
3.14164
3.14164
3.141637
3.141636
3.141642
3.141646
3.141647
3.141649
3.141652
3.141652
3.141651
3.141648
3.141652
3.141645
3.141647
3.141654
3.141649
3.141648
3.141651
3.141639
3.141644
3.141646
3.14164
3.141634
3.14164
3.141638
3.141641
3.141644
3.141641
3.141641
3.141643
3.141643
3.141645
3.141646
3.141646
3.141642
3.141644
3.141654
3.14166
3.141661
3.141662
3.14166
3.141661
3.141665
3.141667
3.141667
3.14167
3.141673
3.141671
3.141668
3.141664
3.141659
3.141659
3.141656
3.141662
3.141662
3.14166
3.14166
3.141655
3.141654
3.14165
3.141647
3.141643
3.141637
3.141638
3.141634
3.141639
3.141634
3.141639
3.14164
3.141645
3.141647
3.14165
3.141651
3.14165
3.141645
3.141644
3.141649
3.141646
3.141643
3.141644
3.141643
3.141645
3.141647
3.141646
3.14165
3.141644
3.141646
3.141642
3.141636
3.141632
3.141632
3.141635
3.141635
3.141637
3.141639
3.141637
3.141638
3.14164
3.141639
3.141638
3.141642
3.141637
3.141636
3.141638
3.141637
3.141634
3.141637
3.141634
3.141636
3.141642
3.141637
3.141634
3.141636
3.141635
3.141636
3.141634
3.141641
3.141645
3.141645
3.141645
3.141646
3.141649
3.141646
3.141645
3.141648
3.141644
3.141643
3.141645
3.141645
3.141644
3.141653
3.141657
3.141658
3.141656
3.141659
3.141655
3.141654
3.141649
3.141648
3.141648
3.141648
3.141647
3.141649
3.14165
3.141651
3.141653
3.141655
3.141663
3.141664
3.141662
3.141665
3.141668
3.141669
3.141666
3.141664
3.14166
3.141656
3.141652
3.141654
3.141653
3.141656
3.141658
3.141651
3.14165
3.14165
3.14165
3.141648
3.141653
3.141654
3.141658
3.141658
3.141661
3.141657
3.141654
3.141648
3.141646
3.141639
3.14164
3.141641
3.141643
3.14165
3.141647
3.14165
3.141652
3.141652
3.141651
3.141649
3.141656
3.141656
3.141653
3.141653
3.141648
3.141646
3.141644
3.141643
3.141643
3.141637
3.141635
3.141638
3.141639
3.141644
3.141644
3.141647
3.141645
3.141648
3.141649
3.141651
3.14165
3.141646
3.141646
3.141646
3.141651
3.141654
3.14165
3.141649
3.14165
3.141647
3.141647
3.141648
3.141647
3.141643
3.141649
3.141651
3.141651
3.141649
3.141647
3.141648
3.141644
3.141639
3.141642
3.141639
3.14164
3.141632
3.14163
3.141632
3.141633
3.141632
3.141633
3.141634
3.141636
3.141636
3.14164
3.141644
3.141645
3.141648
3.141644
3.141648
3.141651
3.141648
3.14165
3.141642
3.141641
3.141638
3.141636
3.141639
3.141637
3.141637
3.141633
3.141632
3.141632
3.141633
3.141627
3.141624
3.141628
3.141623
3.141622
3.141622
3.14162
3.141624
3.141626
3.141625
3.141621
3.141623
3.141625
3.141624
3.141627
3.141635
3.141635
3.141635
3.141635
3.141634
3.141631
3.141634
3.141641
3.141638
3.141646
3.141645
3.14164
3.141639
3.141639
3.141641
3.141641
3.141642
3.141644
3.141638
3.141634
3.141636
3.141638
3.141632
3.141633
3.141638
3.141638
3.141642
3.141639
3.141638
3.141635
3.141641
3.14164
3.141643
3.141644
3.141643
3.141639
3.141639
3.14164
3.141643
3.141639
3.141641
3.14164
3.141643
3.141644
3.141642
3.14164
3.141645
3.141646
3.141645
3.141646
3.141648
3.141648
3.141644
3.141642
3.141647
3.141646
3.141649
3.141652
3.141647
3.141645
3.14164
3.141639
3.141638
3.141636
3.141636
3.141641
3.141638
3.141639
3.141639
3.141636
3.141634
3.14163
3.141628
3.141631
3.141633
3.14163
3.141634
3.141631
3.141632
3.141636
3.141642
3.141647
3.141647
3.141652
3.141651
3.141655
3.141655
3.141656
3.141657
3.141657
3.141657
3.14166
3.141663
3.141663
3.141666
3.141661
3.141656
3.141655
3.141651
3.141657
3.141657
3.141655
3.141659
3.141661
3.141661
3.141663
3.14166
3.141658
3.141655
3.141659
3.141655
3.141655
3.141655
3.141661
3.141657
3.141661
3.141657
3.141657
3.141659
3.141657
3.141662
3.141666
3.141661
3.141661
3.141664
3.141666
3.141662
3.141667
3.141665
3.141667
3.141665
3.141662
3.141662
3.141666
3.141665
3.141663
3.141659
3.141653
3.141654
3.141657
3.141655
3.141651
3.141649
3.141645
3.141648
3.141653
3.141653
3.141652
3.141649
3.141655
3.141656
3.141655
3.141655
3.14166
3.141662
3.141656
3.141655
3.141657
3.141663
3.141662
3.141662
3.141661
3.141655
3.141652
3.141652
3.14165
3.141648
3.141652
3.141655
3.141656
3.141659
3.141662
3.141662
3.141667
3.141669
3.14167
3.141672
3.141668
3.141664
3.141663
3.14166
3.14166
3.141657
3.141655
3.14166
3.141659
3.141659
3.141663
3.141664
3.141663
3.141661
3.141661
3.141659
3.14166
3.141657
3.141656
3.141654
3.141652
3.141652
3.141652
3.141651
3.141651
3.141649
3.14165
3.141649
3.141646
3.141649
3.141654
3.141652
3.141654
3.141653
3.141655
3.141656
3.141656
3.141656
3.141652
3.141651
3.141648
3.141652
3.141652
3.141652
3.141656
3.141655
3.141658
3.141657
3.141656
3.141655
3.141659
3.141662
3.141659
3.141656
3.141652
3.141651
3.14165
3.141644
3.141644
3.141652
3.141657
3.14166
3.141656
3.14166
3.141654
3.141658
3.141665
3.141667
3.141671
3.14167
3.141674
3.141672
3.141674
3.141676
3.141675
3.141672
3.141672
3.141669
3.14167
3.141667
3.141669
3.141665
3.141664
3.141661
3.141664
3.141661
3.141661
3.141666
3.141665
3.141666
3.141663
3.141659
3.141656
3.141655
3.141654
3.141653
3.141653
3.141655
3.141659
3.141659
3.141657
3.141656
3.141657
3.141652
3.141656
3.141658
3.141659
3.141664
3.141671
3.141672
3.141675
3.141676
3.141674
3.141674
3.141676
3.141673
3.141675
3.141677
3.141679
3.14168
3.141675
3.141674
3.141679
3.14168
3.141673
3.141676
3.141678
3.141681
3.141678
3.141676
3.141676
3.141677
3.141676
3.141681
3.141681
3.141683
3.141685
3.141686
3.141686
3.141681
3.141682
3.141684
3.141688
3.141684
3.14168
3.14168
3.14168
3.141682
3.141678
3.141681
3.141685
3.141687
3.141681
3.14168
3.141687
3.141685
3.141679
3.141682
3.141682
3.141683
3.141681
3.141679
3.141677
3.141679
3.141677
3.141678
3.141682
3.141679
3.141679
3.141683
3.141683
3.141683
3.141681
3.14168
3.141681
3.14168
3.14168
3.14168
3.141678
3.141677
3.141678
3.141683
3.141681
3.141683
3.141682
3.141683
3.141682
3.141678
3.141682
3.14168
3.14168
3.141677
3.14168
3.141679
3.141678
3.141674
3.141676
3.141673
3.141672
3.141674
3.141675
3.141673
3.141676
3.141684
3.141679
3.141678
3.141678
3.141682
3.14168
3.141678
3.14168
3.14168
3.141686
3.141687
3.14169
3.14169
3.14169
3.141692
3.141695
3.141698
3.141696
3.141699
3.141698
3.141696
3.141696
3.1417
3.141703
3.141703
3.141702
3.141701
3.141705
3.141707
3.141713
3.141713
3.141713
3.141717
3.141719
3.14172
3.141722
3.141725
3.141727
3.141731
3.141729
3.141727
3.141722
3.141721
3.141724
3.141721
3.141723
3.141724
3.141723
3.141722
3.141723
3.141728
3.14173
3.141731
3.141731
3.141729
3.141728
3.141729
3.141723
3.141723
3.141722
3.14172
3.141715
3.141717
3.141714
3.141719
3.141722
3.14172
3.141721
3.14172
3.141722
3.14172
3.141724
3.141727
3.141725
3.141727
3.141731
3.141729
3.141726
3.141728
3.141728
3.141729
3.141729
3.141727
3.141725
3.141725
3.141726
3.141726
3.141728
3.141725
3.141725
3.141724
3.141725
3.141726
3.141726
3.141723
3.141726
3.141726
3.141733
3.141735
3.141735
3.141734
3.141731
3.141731
3.141731
3.141736
3.141738
3.14174
3.141744
3.14174
3.141742
3.141739
3.141738
3.141734
3.141735
3.141737
3.141738
3.141738
3.141737
3.141738
3.141737
3.141734
3.141736
3.141734
3.141735
3.141734
3.141739
3.141735
3.141735
3.141736
3.141739
3.141743
3.141745
3.141745
3.141744
3.141747
3.141748
3.141749
3.141749
3.141748
3.141745
3.141748
3.141746
3.141746
3.141744
3.141745
3.141747
3.141745
3.141742
3.141742
3.141741
3.141745
3.141746
3.141748
3.14175
3.141752
3.141754
3.141751
3.141753
3.141754
3.141756
3.14176
3.141758
3.141759
3.14176
3.141761
3.14176
3.141761
3.141758
3.141765
3.141764
3.141765
3.141764
3.141762
3.141763
3.141763
3.141761
3.141761
3.141758
3.141756
3.141759
3.14176
3.141759
3.141761
3.14176
3.141757
3.141759
3.141756
3.141757
3.14176
3.141755
3.141757
3.141757
3.141755
3.141756
3.141759
3.141758
3.141759
3.141762
3.141762
3.141759
3.14176
3.14176
3.14176
3.141766
3.141764
3.141764
3.141764
3.141762
3.141761
3.141758
3.141757
3.141756
3.141755
3.141756
3.141758
3.141758
3.14176
3.141759
3.14176
3.141757
3.141757
3.141754
3.141753
3.141749
3.141749
3.141748
3.141745
3.141745
3.141745
3.141747
3.141745
3.141743
3.141742
3.141741
3.141739
3.141738
3.141737
3.141737
3.141736
3.141734
3.14173
3.141732
3.141729
3.141732
3.141732
3.141732
3.141732
3.141733
3.141736
3.141735
3.14174
3.141742
3.141745
3.141745
3.141744
3.141747
3.14175
3.14175
3.141752
3.14175
3.141746
3.141745
3.141746
3.141744
3.141748
3.141748
3.141745
3.141745
3.141743
3.141744
3.141743
3.141739
3.141743
3.141747
3.141745
3.141746
3.141748
3.141749
3.141748
3.141741
3.141739
3.141739
3.141741
3.141739
3.141738
3.141737
3.141737
3.14174
3.14174
3.141742
3.141742
3.141741
3.141739
3.141739
3.141739
3.141737
3.141737
3.141736
3.141733
3.141731
3.141731
3.141732
3.141727
3.141729
3.141733
3.141734
3.141733
3.141734
3.141735
3.141737
3.141736
3.141734
3.141732
3.141733
3.141736
3.141738
3.141741
3.141742
3.141743
3.141745
3.141742
3.141743
3.141743
3.141744
3.141739
3.14174
3.141739
3.141741
3.141743
3.141741
3.141742
3.141745
3.141747
3.141749
3.14175
3.141746
3.141746
3.141746
3.141743
3.14174
3.141742
3.141739
3.141742
3.14174
3.14174
3.141739
3.141737
3.141738
3.141737
3.141739
3.141737
3.141739
3.141741
3.141739
3.141744
3.141748
3.141749
3.141747
3.141747
3.141747
3.141746
3.141748
3.141749
3.141752
3.141752
3.141751
3.141751
3.14175
3.14175
3.141751
3.141753
3.141754
3.141753
3.141749
3.141751
3.141747
3.141748
3.14175
3.141749
3.141749
3.141749
3.14175
3.141752
3.141751
3.141748
3.141748
3.141751
3.141752
3.141752
3.141751
3.14175
3.141748
3.14175
3.141746
3.141752
3.141753
3.141756
3.141758
3.14176
3.141756
3.141757
3.141759
3.141759
3.14176
3.141753
3.141756
3.14176
3.14176
3.141759
3.141758
3.141758
3.141755
3.141752
3.141753
3.141754
3.141751
3.141753
3.14175
3.141753
3.141753
3.141753
3.141751
3.141748
3.14175
3.14175
3.141754
3.141752
3.141752
3.141752
3.141754
3.141753
3.141757
3.141755
3.141751
3.141752
3.141751
3.141749
3.141749
3.141745
3.141746
3.141747
3.141747
3.141749
3.141748
3.14175
3.14175
3.141746
3.141744
3.141749
3.14175
3.14175
3.141751
3.141748
3.141749
3.141748
3.141747
3.141746
3.141746
3.141744
3.141742
3.141744
3.141744
3.141743
3.141743
3.141744
3.141744
3.141745
3.14175
3.141746
3.141743
3.141744
3.141744
3.141742
3.141741
3.14174
3.141739
3.141738
3.14174
3.141744
3.141742
3.141742
3.141741
3.141739
3.141742
3.141742
3.141743
3.141743
3.141741
3.141743
3.141743
3.141742
3.141742
3.141745
3.141743
3.141744
3.141743
3.141743
3.141746
3.141744
3.141744
3.141744
3.141743
3.141744
3.141744
3.141743
3.141745
3.141747
3.141747
3.141749
3.141751
3.14175
3.14175
3.141753
3.141751
3.14175
3.141746
3.141747
3.141745
3.141744
3.141741
3.141738
3.141737
3.14174
3.141739
3.141744
3.141742
3.14174
3.141741
3.141742
3.141745
3.141745
3.141747
3.141745
3.141748
3.141749
3.141751
3.141751
3.141752
3.141748
3.141746
3.141747
3.141747
3.141747
3.141746
3.141746
3.141745
3.141747
3.141744
3.141741
3.141741
3.141744
3.141746
3.141748
3.141749
3.141752
3.141752
3.141754
3.141752
3.141751
3.141752
3.141754
3.141752
3.141751
3.141749
3.14175
3.14175
3.141749
3.141751
3.141752
3.141754
3.141757
3.141756
3.141757
3.14176
3.141765
3.141764
3.141764
3.141764
3.141766
3.141768
3.141766
3.141768
3.141769
3.141768
3.141771
3.14177
3.141769
3.141766
3.14177
3.141767
3.14177
3.14177
3.141766
3.141771
3.141771
3.141774
3.141776
3.141772
3.141771
3.141769
3.141769
3.141768
3.14177
3.14177
3.141771
3.14177
3.14177
3.14177
3.141772
3.141774
3.141772
3.141769
3.141772
3.141773
3.141771
3.141773
3.14177
3.141768
3.141767
3.141769
3.141772
3.141769
3.14177
3.141774
3.141774
3.141776
3.141772
3.141776
3.141777
3.141777
3.141779
3.14178
3.141776
3.141779
3.141782
3.14178
3.14178
3.141779
3.14178
3.14178
3.141779
3.14178
3.141781
3.141779
3.141778
3.141777
3.141777
3.141773
3.141775
3.141774
3.141775
3.141773
3.141773
3.141771
3.141774
3.141773
3.141774
3.141773
3.141777
3.141776
3.14177
3.141774
3.141773
3.141772
3.141774
3.141776
3.141778
3.141781
3.141783
3.141783
3.141783
3.141784
3.141784
3.141783
3.141784
3.141787
3.141785
3.141788
3.141786
3.141785
3.141783
3.141783
3.141782
3.141781
3.141777
3.141779
3.141776
3.141775
3.141774
3.141776
3.141773
3.141773
3.141774
3.141772
3.141771
3.141771
3.14177
3.141775
3.141776
3.141775
3.141773
3.141775
3.141774
3.141773
3.141772
3.141773
3.141772
3.141769
3.14177
3.141771
3.141772
3.141771
3.141771
3.141769
3.141769
3.141768
3.141768
3.141769
3.141771
3.141772
3.141776
3.141778
3.141776
3.141777
3.14178
3.141779
3.141778
3.14178
3.14178
3.141777
3.141775
3.141775
3.141776
3.141777
3.141778
3.141779
3.141782
3.14178
3.141782
3.14178
3.141778
3.141776
3.141775
3.141777
3.141779
3.14178
3.141779
3.141778
3.141778
3.141773
3.141769
3.141769
3.14177
3.141768
3.14177
3.141766
3.141769
3.141768
3.141769
3.141768
3.141766
3.141767
3.141766
3.141766
3.141763
3.14176
3.141762
3.14176
3.141757
3.141756
3.141756
3.141752
3.141755
3.141752
3.141749
3.14175
3.141752
3.141754
3.141754
3.141754
3.141751
3.14175
3.141749
3.141748
3.141746
3.141748
3.141746
3.141747
3.141744
3.141742
3.141743
3.141742
3.141743
3.141746
3.141748
3.141748
3.14175
3.14175
3.141748
3.141747
3.141745
3.141744
3.141746
3.141745
3.141742
3.14174
3.141738
3.141737
3.141738
3.141737
3.141735
3.141731
3.141728
3.141729
3.141727
3.141725
3.141723
3.141724
3.141724
3.141727
3.141725
3.141726
3.141729
3.141726
3.141727
3.14173
3.141728
3.141728
3.141728
3.141729
3.141731
3.141735
3.141732
3.14173
3.141727
3.141726
3.141726
3.141722
3.141725
3.141725
3.141725
3.141728
3.141728
3.141727
3.141729
3.141729
3.141729
3.141727
3.141726
3.141726
3.141726
3.141726
3.141728
3.141728
3.141728
3.141726
3.141726
3.141725
3.141723
3.141725
3.141728
3.141728
3.14173
3.141733
3.141734
3.141732
3.141729
3.141732
3.14173
3.141729
3.141729
3.141733
3.14173
3.141728
3.141727
3.141726
3.141727
3.141728
3.141726
3.141728
3.14173
3.141728
3.141728
3.141726
3.141724
3.141723
3.141725
3.141725
3.141728
3.141727
3.141725
3.141724
3.141722
3.141724
3.141722
3.141727
3.141727
3.141728
3.141729
3.14173
3.14173
3.141727
3.141727
3.141729
3.141728
3.141728
3.141726
3.141724
3.141722
3.141724
3.141722
3.141723
3.141726
3.141725
3.141725
3.141724
3.141726
3.141725
3.141722
3.141723
3.141719
3.14172
3.141719
3.141717
3.141718
3.141719
3.141719
3.141718
3.14172
3.141721
3.14172
3.14172
3.14172
3.141723
3.141725
3.141725
3.141726
3.141729
3.141725
3.141724
3.141724
3.141725
3.141726
3.141729
3.141727
3.141725
3.141727
3.14173
3.141728
3.14173
3.14173
3.14173
3.141728
3.14173
3.141726
3.141725
3.141725
3.141724
3.141725
3.141723
3.141722
3.141724
3.141726
3.141728
3.14173
3.141729
3.141727
3.141726
3.141723
3.141723
3.141724
3.141722
3.141725
3.141725
3.141728
3.141726
3.141723
3.141722
3.141722
3.141722
3.141722
3.141725
3.141725
3.141724
3.141725
3.141723
3.141722
3.141724
3.141722
3.141721
3.141721
3.141721
3.141721
3.141723
3.141722
3.141727
3.141725
3.141725
3.141722
3.141725
3.141723
3.141724
3.141723
3.141724
3.141726
3.141729
3.141726
3.141726
3.141726
3.141728
3.141725
3.141724
3.141725
3.141724
3.141724
3.141727
3.141728
3.141729
3.14173
3.141731
3.14173
3.141729
3.141727
3.141729
3.14173
3.14173
3.141731
3.141731
3.141733
3.141732
3.141733
3.141735
3.141735
3.141735
3.141734
3.141733
3.141732
3.141733
3.141732
3.141733
3.141735
3.141733
3.14173
3.14173
3.141729
3.14173
3.141728
3.141732
3.141734
3.141733
3.141733
3.141734
3.141732
3.14173
3.14173
3.141731
3.141734
3.141736
3.141738
3.141739
3.141737
3.141736
3.141736
3.141738
3.141741
3.141742
3.14174
3.141739
3.141741
3.14174
3.141742
3.141742
3.141742
3.141739
3.141737
3.141738
3.141738
3.141739
3.141739
3.141741
3.141737
3.141737
3.141741
3.141743
3.141741
3.141742
3.141742
3.141742
3.141741
3.141747
3.141746
3.141747
3.141747
3.141747
3.141748
3.141747
3.141749
3.141748
3.141749
3.141746
3.141746
3.141742
3.141741
3.141742
3.141742
3.141741
3.141741
3.141743
3.141744
3.141742
3.141743
3.141743
3.141742
3.141742
3.141741
3.14174
3.141737
3.141732
3.141733
3.141733
3.141732
3.141731
3.141733
3.141735
3.141733
3.14173
3.14173
3.14173
3.141727
3.141726
3.141725
3.141724
3.141723
3.141724
3.141727
3.141726
3.141728
3.141726
3.141727
3.141726
3.141724
3.141722
3.14172
3.141717
3.141718
3.141718
3.141716
3.141718
3.141717
3.141718
3.141717
3.141718
3.141717
3.141719
3.141721
3.141721
3.141721
3.141721
3.141721
3.141723
3.141723
3.141724
3.141724
3.141725
3.141726
3.141725
3.141726
3.141724
3.141723
3.141722
3.141718
3.14172
3.141718
3.14172
3.141721
3.14172
3.141718
3.141717
3.141719
3.141719
3.141719
3.14172
3.141721
3.141721
3.14172
3.141718
3.141716
3.141714
3.141712
3.141714
3.141715
3.141715
3.141715
3.141716
3.141716
3.141715
3.141715
3.141716
3.141714
3.141715
3.141716
3.141716
3.141721
3.141721
3.14172
3.141721
3.141719
3.141718
3.141719
3.141716
3.141715
3.141715
3.141716
3.141714
3.141713
3.141712
3.141712
3.141712
3.141713
3.141714
3.141712
3.14171
3.141708
3.141706
3.141704
3.141705
3.1417
3.141698
3.141696
3.141696
3.141699
3.141697
3.141697
3.141696
3.141695
3.141698
3.141699
3.141698
3.1417
3.141701
3.141701
3.141702
3.141705
3.141701
3.141701
3.141699
3.141699
3.1417
3.141699
3.141696
3.141695
3.141693
3.141694
3.141693
3.141691
3.141689
3.141691
3.14169
3.141689
3.141691
3.141691
3.141693
3.141691
3.141692
3.141692
3.141693
3.141691
3.141692
3.141693
3.141693
3.141692
3.141693
3.141694
3.141694
3.141693
3.141697
3.141697
3.141696
3.141695
3.141697
3.141698
3.141697
3.141695
3.141695
3.141693
3.141693
3.141689
3.141691
3.14169
3.141692
3.141692
3.141692
3.141693
3.141691
3.141689
3.141689
3.141688
3.141688
3.141688
3.141685
3.141686
3.141687
3.141687
3.141688
3.141688
3.141686
3.141689
3.141687
3.141687
3.141689
3.141688
3.141688
3.141685
3.141685
3.141683
3.141686
3.141688
3.141688
3.141688
3.141685
3.141683
3.141684
3.141681
3.141682
3.14168
3.14168
3.141681
3.141681
3.141682
3.141683
3.141684
3.141685
3.14169
3.141692
3.141692
3.141692
3.141691
3.141689
3.141686
3.141684
3.141683
3.141684
3.141683
3.14168
3.141681
3.141679
3.141679
3.14168
3.141679
3.14168
3.141679
3.141676
3.141675
3.141674
3.141672
3.14167
3.141672
3.14167
3.14167
3.141668
3.141666
3.141665
3.141666
3.141665
3.141666
3.141667
3.141665
3.141668
3.14167
3.14167
3.141669
3.141673
3.141672
3.14167
3.14167
3.141671
3.141671
3.141672
3.141671
3.141671
3.141672
3.141673
3.141672
3.141671
3.14167
3.141668
3.141667
3.141668
3.141668
3.141667
3.141666
3.141667
3.141669
3.141667
3.141666
3.141665
3.141667
3.14167
3.141669
3.141669
3.141667
3.141664
3.141664
3.141664
3.141666
3.141668
3.141669
3.141666
3.141666
3.141665
3.141665
3.141665
3.141665
3.141666
3.141665
3.141665
3.141667
3.141667
3.141666
3.141667
3.141666
3.141668
3.141667
3.141666
3.141664
3.141661
3.141659
3.141658
3.141657
3.141657
3.141658
3.141656
3.141654
3.141656
3.141657
3.141658
3.141658
3.141659
3.141662
3.141662
3.141663
3.141661
3.141663
3.141663
3.141664
3.141662
3.141659
3.14166
3.141659
3.14166
3.141658
3.141657
3.141657
3.141656
3.141656
3.141657
3.141656
3.141659
3.141658
3.141657
3.141659
3.14166
3.141659
3.141659
3.141659
3.141661
3.141661
3.14166
3.141658
3.141659
3.14166
3.141661
3.141661
3.141659
3.141658
3.141656
3.141657
3.141656
3.141655
3.141654
3.141656
3.141659
3.141657
3.141655
3.141653
3.141654
3.141655
3.141655
3.141656
3.141655
3.141656
3.141656
3.141654
3.141653
3.141655
3.141656
3.141654
3.141651
3.141652
3.141648
3.141647
3.141646
3.141645
3.141645
3.141646
3.141645
3.141645
3.141646
3.141646
3.141647
3.141647
3.141649
3.141652
3.14165
3.141652
3.141651
3.141653
3.141652
3.141652
3.141654
3.141656
3.141652
3.141651
3.141653
3.141655
3.141652
3.141652
3.141654
3.141654
3.141654
3.141655
3.141654
3.141655
3.141657
3.141654
3.141656
3.141655
3.141653
3.141655
3.141654
3.141655
3.141654
3.141653
3.141655
3.141656
3.141652
3.141652
3.141654
3.141652
3.141651
3.141652
3.141654
3.141651
3.14165
3.141652
3.141652
3.141652
3.141652
3.14165
3.141649
3.141647
3.141649
3.14165
3.141651
3.141654
3.141654
3.141655
3.141654
3.141656
3.141656
3.141655
3.141653
3.14165
3.14165
3.141651
3.141651
3.141654
3.141654
3.141654
3.141654
3.141656
3.141656
3.141654
3.141654
3.141655
3.141653
3.141653
3.141654
3.141655
3.141655
3.141656
3.141653
3.141651
3.141652
3.14165
3.141648
3.141651
3.141651
3.141651
3.141651
3.141655
3.141654
3.141654
3.141653
3.141652
3.141651
3.141652
3.141651
3.14165
3.141651
3.141651
3.14165
3.141649
3.141651
3.141651
3.141649
3.141649
3.14165
3.141652
3.141653
3.141655
3.141652
3.141653
3.141654
3.141655
3.141655
3.141654
3.141653
3.141652
3.141651
3.141651
3.141652
3.14165
3.14165
3.141651
3.14165
3.141648
3.141647
3.141647
3.141647
3.141648
3.141649
3.14165
3.14165
3.141651
3.141649
3.14165
3.14165
3.141649
3.141649
3.14165
3.141651
3.141651
3.141649
3.141651
3.141651
3.141651
3.141652
3.141653
3.141654
3.141653
3.141652
3.141655
3.141656
3.141656
3.141655
3.141654
3.141654
3.141651
3.141652
3.141652
3.14165
3.141647
3.141645
3.141645
3.141642
3.141642
3.141642
3.141643
3.141643
3.141643
3.141642
3.141642
3.141641
3.141639
3.14164
3.14164
3.14164
3.141642
3.141641
3.141642
3.14164
3.141641
3.141643
3.141643
3.141643
3.141642
3.141641
3.14164
3.141639
3.14164
3.14164
3.141643
3.141644
3.141643
3.141642
3.141644
3.141641
3.141644
3.141644
3.141642
3.141642
3.141642
3.141642
3.14164
3.141643
3.141645
3.141642
3.141644
3.141645
3.141647
3.141646
3.141644
3.141643
3.141645
3.141643
3.141644
3.141644
3.141642
3.141642
3.141641
3.14164
3.141641
3.141641
3.14164
3.14164
3.14164
3.141641
3.14164
3.141638
3.141636
3.141638
3.141635
3.141636
3.141634
3.141633
3.141633
3.141632
3.141633
3.141631
3.141633
3.141633
3.141634
3.141635
3.141635
3.141637
3.141638
3.141638
3.141639
3.14164
3.141642
3.141641
3.141641
3.14164
3.14164
3.14164
3.14164
3.141636
3.141635
3.141637
3.141636
3.141639
3.141641
3.141642
3.141641
3.141642
3.141643
3.141642
3.141642
3.141642
3.141642
3.141641
3.141642
3.141641
3.141641
3.141642
3.141643
3.141644
3.141643
3.141643
3.141642
3.141642
3.141642
3.141641
3.141642
3.141643
3.141642
3.141643
3.141644
3.141646
3.141648
3.141648
3.141648
3.141649
3.141648
3.141646
3.141647
3.141646
3.141643
3.141642
3.141641
3.14164
3.141641
3.141641
3.14164
3.141642
3.141641
3.141641
3.14164
3.14164
3.141641
3.141638
3.141639
3.141636
3.141636
3.141634
3.141634
3.141634
3.141635
3.141634
3.141635
3.141635
3.141634
3.141632
3.141635
3.141633
3.141632
3.141632
3.141631
3.14163
3.141629
3.141629
3.141628
3.141625
3.141628
3.141626
3.141627
3.141627
3.141627
3.141627
3.141628
3.141627
3.141627
3.141625
3.141624
3.141623
3.141622
3.141622
3.14162
3.14162
3.14162
3.141622
3.141624
3.141624
3.141624
3.141624
3.141623
3.141624
3.141622
3.141624
3.141623
3.141626
3.141626
3.141628
3.141625
3.141625
3.141625
3.141625
3.141625
3.141625
3.141626
3.141628
3.141629
3.141629
3.141629
3.141628
3.141627
3.141628
3.14163
3.14163
3.141631
3.141631
3.141632
3.141634
3.141633
3.141634
3.141636
3.141636
3.141636
3.141634
3.141637
3.141638
3.141638
3.141638
3.141635
3.141635
3.141635
3.141633
3.141634
3.141632
3.141633
3.141633
3.141633
3.141634
3.141633
3.141631
3.141632
3.141633
3.141632
3.141631
3.141632
3.141634
3.141634
3.141634
3.141636
3.141637
3.141636
3.141635
3.141634
3.141633
3.141634
3.141634
3.141635
3.141633
3.141632
3.141632
3.141631
3.141632
3.141632
3.141632
3.141631
3.141629
3.14163
3.141628
3.141628
3.141628
3.141629
3.141629
3.141628
3.141629
3.14163
3.14163
3.141631
3.141631
3.141633
3.141633
3.141633
3.141632
3.141634
3.14163
3.141632
3.141632
3.141632
3.141632
3.141635
3.141639
3.141639
3.14164
3.141641
3.14164
3.14164
3.141641
3.141642
3.141639
3.141636
3.141636
3.141635
3.141636
3.141634
3.141634
3.141636
3.141634
3.141634
3.141633
3.141632
3.141633
3.141632
3.141631
3.141632
3.141633
3.141632
3.14163
3.141631
3.141632
3.141631
3.141631
3.141632
3.141634
3.141633
3.141633
3.141634
3.141634
3.141633
3.141634
3.141634
3.141634
3.141634
3.141634
3.141635
3.141633
3.141632
3.141631
3.14163
3.141631
3.141632
3.141631
3.141632
3.141631
3.14163
3.141631
3.141631
3.141632
3.14163
3.14163
3.141629
3.141631
3.141631
3.14163
3.141631
3.141631
3.141629
3.141628
3.141629
3.141629
3.141629
3.141629
3.141632
3.141631
3.141633
3.141631
3.141631
3.141631
3.141628
3.141627
3.14163
3.141627
3.141628
3.141629
3.14163
3.14163
3.141631
3.141632
3.141632
3.141633
3.141632
3.141631
3.141632
3.141635
3.141635
3.141637
3.141637
3.141637
3.141639
3.141639
3.141639
3.141639
3.141639
3.141639
3.141639
3.141639
3.14164
3.14164
3.141641
3.141642
3.141642
3.14164
3.141639
3.141641
3.14164
3.141641
3.141641
3.141641
3.141641
3.14164
3.141639
3.141639
3.141638
3.141638
3.14164
3.141641
3.14164
3.14164
3.14164
3.141641
3.141639
3.141639
3.141639
3.14164
3.141638
3.141637
3.141635
3.141635
3.141635
3.141635
3.141636
3.141636
3.141635
3.141635
3.141635
3.141636
3.141638
3.141638
3.141638
3.141637
3.141639
3.14164
3.141638
3.14164
3.141642
3.141644
3.141643
3.141643
3.141644
3.141644
3.141643
3.141643
3.141645
3.141646
3.141646
3.141647
3.141646
3.141644
3.141644
3.141643
3.141642
3.141644
3.141642
3.141644
3.141641
3.141639
3.14164
3.14164
3.141641
3.141643
3.141642
3.141644
3.141643
3.141643
3.141643
3.141643
3.141641
3.141642
3.141642
3.141642
3.141643
3.141645
3.141646
3.141648
3.141648
3.141648
3.141649
3.141649
3.141649
3.141648
3.141647
3.141647
3.141647
3.141648
3.141649
3.141648
3.14165
3.141649
3.141653
3.141654
3.141653
3.141653
3.141652
3.141652
3.141653
3.141654
3.141654
3.141654
3.141656
3.141657
3.141655
3.141656
3.141654
3.141653
3.141653
3.141653
3.141651
3.14165
3.14165
3.14165
3.141649
3.14165
3.141648
3.141646
3.141645
3.141644
3.141645
3.141646
3.141645
3.141644
3.141645
3.141644
3.141644
3.141644
3.141644
3.141644
3.141643
3.141643
3.141644
3.141645
3.141643
3.141646
3.141645
3.141646
3.141647
3.141649
3.14165
3.14165
3.141651
3.14165
3.141651
3.141652
3.141652
3.141652
3.141652
3.141652
3.141653
3.141653
3.141652
3.141653
3.141652
3.141652
3.141654
3.141653
3.141654
3.141656
3.141657
3.141657
3.141657
3.141659
3.141659
3.141658
3.141658
3.141657
3.141657
3.141659
3.141656
3.141657
3.141658
3.141659
3.14166
3.141662
3.141662
3.141663
3.141662
3.141662
3.141662
3.141661
3.141663
3.141664
3.141664
3.141663
3.141664
3.141665
3.141663
3.141663
3.141663
3.141664
3.141666
3.141665
3.141665
3.141666
3.141665
3.141665
3.141666
3.141665
3.141665
3.141665
3.141664
3.141665
3.141665
3.141665
3.141664
3.141666
3.141668
3.141668
3.141667
3.141667
3.141665
3.141667
3.141667
3.141668
3.141669
3.14167
3.141669
3.141667
3.141669
3.141669
3.141669
3.14167
3.141667
3.141666
3.141665
3.141666
3.141666
3.141665
3.141667
3.141668
3.141668
3.14167
3.141673
3.141673
3.141673
3.141673
3.141672
3.141672
3.14167
3.141669
3.14167
3.141668
3.141668
3.141668
3.141668
3.141668
3.141669
3.141668
3.141669
3.141666
3.141665
3.141665
3.141665
3.141665
3.141664
3.141663
3.141661
3.141663
3.141664
3.141664
3.141663
3.141663
3.141664
3.141663
3.141665
3.141664
3.141664
3.141665
3.141664
3.141664
3.141664
3.141664
3.141664
3.141664
3.141664
3.141663
3.141666
3.141668
3.141667
3.141667
3.141669
3.14167
3.14167
3.141669
3.141669
3.14167
3.14167
3.141667
3.141666
3.141667
3.141666
3.141667
3.141668
3.141665
3.141665
3.141665
3.141666
3.141666
3.141667
3.141666
3.141666
3.141664
3.141664
3.141663
3.141664
3.141664
3.141662
3.141662
3.141664
3.141665
3.141665
3.141666
3.141667
3.141666
3.141667
3.141667
3.141668
3.141668
3.141669
3.141673
3.141674
3.141675
3.141675
3.141675
3.141676
3.141675
3.141675
3.141676
3.141677
3.141676
3.141678
3.141678
3.141679
3.141679
3.141679
3.141679
3.141678
3.141678
3.141677
3.141679
3.14168
3.141678
3.141678
3.141679
3.141677
3.141676
3.141677
3.141677
3.141677
3.141678
3.141676
3.141676
3.141676
3.141676
3.141675
3.141676
3.141676
3.141674
3.141673
3.141673
3.141673
3.141675
3.141674
3.141675
3.141677
3.141675
3.141675
3.141676
3.141676
3.141676
3.141675
3.141674
3.141674
3.141671
3.141671
3.141673
3.141672
3.141671
3.141671
3.141669
3.14167
3.14167
3.14167
3.141672
3.141672
3.141673
3.141674
3.141674
3.141673
3.141672
3.141673
3.141672
3.141671
3.141673
3.141674
3.141675
3.141675
3.141675
3.141675
3.141675
3.141675
3.141674
3.141673
3.141673
3.141672
3.141672
3.141671
3.14167
3.14167
3.141669
3.14167
3.141669
3.141668
3.141667
3.141667
3.141667
3.141666
3.141666
3.141665
3.141666
3.141662
3.141663
3.141664
3.141667
3.141667
3.141668
3.141667
3.141668
3.141669
3.141668
3.141669
3.141669
3.141668
3.141669
3.141668
3.141669
3.14167
3.141671
3.141671
3.14167
3.14167
3.141672
3.141673
3.141672
3.141672
3.141671
3.141674
3.141674
3.141674
3.141675
3.141674
3.141677
3.141676
3.141678
3.141678
3.141677
3.141677
3.141678
3.141677
3.141677
3.141676
3.141678
3.141677
3.141678
3.141678
3.141679
3.14168
3.141681
3.141681
3.141682
3.141682
3.141682
3.141682
3.141683
3.141685
3.141684
3.141682
3.141682
3.141681
3.141679
3.141681
3.141682
3.141684
3.141684
3.141684
3.141682
3.14168
3.14168
3.141679
3.141679
3.141679
3.141681
3.141679
3.141678
3.141679
3.141678
3.141678
3.141677
3.141676
3.141677
3.141675
3.141674
3.141675
3.141675
3.141677
3.141677
3.141678
3.141677
3.141678
3.141676
3.141675
3.141674
3.141677
3.141676
3.141678
3.141677
3.141676
3.141675
3.141674
3.141673
3.141673
3.141676
3.141676
3.141675
3.141674
3.141672
3.141671
3.141671
3.141669
3.141669
3.14167
3.141669
3.141669
3.141669
3.141671
3.141671
3.141669
3.14167
3.141671
3.141667
3.141667
3.141665
3.141664
3.141664
3.141663
3.141663
3.141664
3.141664
3.141664
3.141664
3.141664
3.141666
3.141666
3.141665
3.141665
3.141663
3.141662
3.141664
3.141665
3.141666
3.141668
3.141666
3.141666
3.141666
3.141666
3.141665
3.141665
3.141665
3.141664
3.141663
3.141663
3.141663
3.141663
3.141664
3.141665
3.141663
3.141662
3.141661
3.141661
3.141662
3.141665
3.141663
3.141663
3.141663
3.141662
3.141663
3.141661
3.141662
3.141661
3.141659
3.141657
3.141657
3.141657
3.141657
3.141657
3.141655
3.141656
3.141655
3.141657
3.141657
3.141655
3.141654
3.141654
3.141655
3.141652
3.141651
3.14165
3.141648
3.141646
3.141648
3.141647
3.141648
3.141648
3.141647
3.141646
3.141646
3.141644
3.141643
3.141643
3.141644
3.141644
3.141645
3.141646
3.141647
3.141648
3.141648
3.141648
3.141646
3.141645
3.141645
3.141643
3.141644
3.141644
3.141644
3.141644
3.141643
3.141643
3.141644
3.141646
3.141645
3.141646
3.141648
3.141648
3.141649
3.14165
3.14165
3.141648
3.141649
3.14165
3.141651
3.141651
3.141652
3.141651
3.141649
3.14165
3.141651
3.14165
3.141649
3.141649
3.141651
3.14165
3.141651
3.141653
3.141651
3.141649
3.14165
3.141649
3.141647
3.141648
3.141647
3.141648
3.141648
3.141649
3.141648
3.141649
3.141649
3.141648
3.14165
3.14165
3.14165
3.14165
3.141648
3.141649
3.14165
3.141649
3.14165
3.141651
3.141651
3.141651
3.141651
3.14165
3.14165
3.141649
3.141649
3.14165
3.14165
3.141648
3.141649
3.141649
3.141649
3.141649
3.14165
3.141651
3.141651
3.141652
3.141651
3.141649
3.141648
3.141649
3.14165
3.141649
3.141649
3.14165
3.141649
3.141649
3.141648
3.141649
3.14165
3.14165
3.141651
3.14165
3.141648
3.14165
3.141651
3.14165
3.14165
3.141649
3.141649
3.141649
3.141648
3.141647
3.141646
3.141647
3.141649
3.141648
3.141647
3.141648
3.141647
3.141647
3.141647
3.141648
3.141648
3.141648
3.141647
3.141646
3.141646
3.141646
3.141645
3.141645
3.141644
3.141646
3.141646
3.141646
3.141645
3.141646
3.141646
3.141645
3.141645
3.141644
3.141643
3.141642
3.14164
3.141642
3.141642
3.141641
3.14164
3.14164
3.141639
3.14164
3.141639
3.14164
3.141639
3.141638
3.141639
3.141637
3.141635
3.141635
3.141635
3.141636
3.141637
3.141636
3.141637
3.141636
3.141636
3.141635
3.141635
3.141633
3.141633
3.141631
3.141631
3.141631
3.141631
3.141631
3.14163
3.14163
3.14163
3.141631
3.141631
3.141632
3.141632
3.141634
3.141633
3.141634
3.141634
3.141635
3.141635
3.141635
3.141637
3.141636
3.141638
3.14164
3.141639
3.141639
3.141639
3.141639
3.141639
3.141639
3.141638
3.14164
3.141639
3.141639
3.141639
3.141638
3.14164
3.141638
3.141639
3.141637
3.141637
3.141638
3.14164
3.141638
3.141637
3.141637
3.141636
3.141637
3.141635
3.141636
3.141632
3.141633
3.141634
3.141633
3.141631
3.14163
3.141631
3.141632
3.141631
3.141631
3.141631
3.141629
3.141629
3.141628
3.141628
3.141628
3.141629
3.141629
3.14163
3.14163
3.14163
3.14163
3.141629
3.141628
3.141626
3.141626
3.141627
3.141629
3.14163
3.141629
3.141629
3.141629
3.14163
3.14163
3.141629
3.14163
3.141629
3.141627
3.141627
3.141628
3.141628
3.141631
3.141631
3.141631
3.14163
3.14163
3.141628
3.141628
3.141629
3.14163
3.14163
3.14163
3.141631
3.14163
3.141628
3.141628
3.141626
3.141626
3.141626
3.141626
3.141625
3.141625
3.141625
3.141626
3.141627
3.141626
3.141626
3.141623
3.141625
3.141624
3.141624
3.141623
3.141621
3.141621
3.14162
3.14162
3.14162
3.14162
3.141619
3.141618
3.141617
3.141619
3.14162
3.141621
3.14162
3.14162
3.14162
3.141619
3.141618
3.14162
3.141619
3.141618
3.141619
3.141621
3.141622
3.141622
3.141622
3.141621
3.141619
3.141619
3.141619
3.141619
3.141619
3.141618
3.141618
3.141618
3.141618
3.141616
3.141616
3.141615
3.141613
3.141614
3.141612
3.141611
3.141612
3.141611
3.141611
3.141612
3.141612
3.141612
3.141612
3.141611
3.141612
3.141612
3.141611
3.141611
3.14161
3.141609
3.141611
3.141612
3.141612
3.141611
3.14161
3.14161
3.141612
3.14161
3.141609
3.141608
3.141606
3.141607
3.141606
3.141605
3.141605
3.141606
3.141605
3.141605
3.141605
3.141605
3.141605
3.141606
3.141605
3.141604
3.141603
3.141603
3.141604
3.141606
3.141605
3.141604
3.141603
3.141603
3.141603
3.141603
3.141604
3.141604
3.141603
3.141604
3.141603
3.141605
3.141605
3.141606
3.141606
3.141607
3.141609
3.14161
3.141609
3.14161
3.14161
3.14161
3.141609
3.141609
3.14161
3.14161
3.141609
3.141609
3.141608
3.141608
3.141606
3.141608
3.141607
3.141609
3.141607
3.141608
3.141608
3.14161
3.141608
3.141608
3.141609
3.141609
3.141609
3.141607
3.141609
3.141609
3.141609
3.141611
3.14161
3.14161
3.14161
3.141611
3.141611
3.141614
3.141613
3.141613
3.141613
3.141612
3.141611
3.141612
3.141613
3.141613
3.141614
3.141614
3.141613
3.141613
3.141612
3.141612
3.141612
3.141611
3.141612
3.141614
3.141614
3.141613
3.141614
3.141615
3.141615
3.141617
3.141618
3.141619
3.141618
3.141619
3.14162
3.141621
3.141622
3.141622
3.141622
3.141622
3.141622
3.141622
3.141623
3.14162
3.141621
3.141621
3.14162
3.14162
3.141621
3.141619
3.141619
3.141619
3.14162
3.14162
3.141621
3.14162
3.14162
3.141618
3.141618
3.141621
3.141621
3.141621
3.141621
3.141623
3.141623
3.141625
3.141625
3.141623
3.141623
3.141622
3.141624
3.141624
3.141625
3.141625
3.141625
3.141625
3.141625
3.141625
3.141625
3.141624
3.141625
3.141626
3.141626
3.141625
3.141626
3.141625
3.141625
3.141625
3.141624
3.141625
3.141625
3.141626
3.141627
3.141626
3.141623
3.141623
3.141623
3.141623
3.141622
3.141623
3.141625
3.141624
3.141623
3.141622
3.141624
3.141622
3.141622
3.141623
3.141624
3.141625
3.141625
3.141625
3.141627
3.141627
3.141629
3.14163
3.14163
3.14163
3.14163
3.14163
3.14163
3.141629
3.141629
3.141629
3.141629
3.141628
3.141628
3.141629
3.141631
3.141631
3.141629
3.141626
3.141626
3.141626
3.141625
3.141627
3.141625
3.141625
3.141625
3.141625
3.141622
3.141624
3.141623
3.141623
3.141623
3.141623
3.141625
3.141624
3.141626
3.141626
3.141627
3.141628
3.141627
3.141626
3.141626
3.141625
3.141626
3.141626
3.141626
3.141626
3.141627
3.141626
3.141626
3.141626
3.141626
3.141625
3.141625
3.141626
3.141627
3.141628
3.141628
3.141628
3.141629
3.14163
3.141628
3.141628
3.141628
3.141626
3.141628
3.141628
3.141629
3.141631
3.141631
3.14163
3.141629
3.141629
3.14163
3.141629
3.141628
3.141631
3.141629
3.141629
3.141628
3.141629
3.141628
3.141629
3.141627
3.141625
3.141624
3.141625
3.141626
3.141626
3.141624
3.141626
3.141627
3.141627
3.141627
3.141626
3.141626
3.141628
3.141629
3.141627
3.141627
3.141626
3.141628
3.141627
3.141626
3.141627
3.141627
3.141627
3.141626
3.141626
3.141625
3.141626
3.141626
3.141627
3.141627
3.141628
3.141628
3.141627
3.141627
3.141627
3.141627
3.141626
3.141626
3.141625
3.141624
3.141624
3.141626
3.141626
3.141625
3.141626
3.141625
3.141624
3.141624
3.141625
3.141624
3.141625
3.141626
3.141625
3.141627
3.141626
3.141626
3.141626
3.141627
3.141625
3.141623
3.141625
3.141625
3.141625
3.141625
3.141625
3.141625
3.141625
3.141627
3.141628
3.141627
3.141627
3.141628
3.141629
3.14163
3.14163
3.141629
3.141628
3.141628
3.141625
3.141626
3.141627
3.141627
3.141627
3.141628
3.141628
3.141627
3.141627
3.141627
3.141629
3.14163
3.141629
3.141629
3.141628
3.141627
3.141628
3.141629
3.141628
3.141628
3.141629
3.14163
3.141629
3.14163
3.141629
3.141629
3.141628
3.141628
3.141628
3.141629
3.141631
3.141631
3.14163
3.14163
3.141633
3.141633
3.141632
3.141633
3.141634
3.141635
3.141634
3.141632
3.141632
3.141632
3.141631
3.141629
3.141628
3.141628
3.141628
3.141626
3.141626
3.141626
3.141626
3.141626
3.141626
3.141625
3.141625
3.141623
3.141625
3.141626
3.141627
3.141627
3.141627
3.141629
3.141628
3.141627
3.141628
3.141627
3.141626
3.141627
3.141627
3.141629
3.141629
3.141629
3.14163
3.141628
3.141628
3.141629
3.14163
3.141631
3.14163
3.141632
3.141632
3.14163
3.141631
3.141631
3.14163
3.141631
3.14163
3.141631
3.141629
3.14163
3.14163
3.141629
3.141628
3.141628
3.141628
3.141629
3.14163
3.141629
3.141629
3.141631
3.141631
3.14163
3.141631
3.141632
3.141632
3.141631
3.141633
3.141634
3.141634
3.141633
3.141633
3.141633
3.141634
3.141633
3.141634
3.141633
3.141631
3.14163
3.141629
3.141629
3.141628
3.141628
3.141631
3.141631
3.141631
3.14163
3.14163
3.141629
3.141629
3.141629
3.14163
3.141629
3.141629
3.141629
3.14163
3.14163
3.14163
3.141631
3.14163
3.14163
3.141629
3.141629
3.141628
3.141627
3.141627
3.141629
3.14163
3.14163
3.141631
3.141631
3.141632
3.141632
3.141631
3.14163
3.141631
3.141632
3.141633
3.141633
3.141633
3.141633
3.141634
3.141632
3.141633
3.141635
3.141633
3.141634
3.141632
3.141632
3.14163
3.141628
3.141627
3.141627
3.141627
3.141626
3.141625
3.141625
3.141624
3.141623
3.141623
3.141622
3.141622
3.141622
3.141623
3.141622
3.141623
3.141624
3.141622
3.141624
3.141623
3.141623
3.141623
3.141623
3.141623
3.141624
3.141621
3.141623
3.141624
3.141625
3.141625
3.141626
3.141627
3.141627
3.141628
3.141626
3.141627
3.141628
3.141627
3.141626
3.141626
3.141625
3.141626
3.141625
3.141625
3.141626
3.141625
3.141625
3.141624
3.141625
3.141626
3.141626
3.141626
3.141626
3.141625
3.141624
3.141623
3.141621
3.141621
3.141621
3.141619
3.141618
3.141617
3.141615
3.141616
3.141616
3.141615
3.141614
3.141616
3.141615
3.141615
3.141616
3.141616
3.141617
3.141618
3.141618
3.141619
3.14162
3.14162
3.14162
3.141621
3.141621
3.141621
3.141621
3.141619
3.141618
3.141618
3.141618
3.141617
3.141617
3.141618
3.141617
3.141615
3.141616
3.141616
3.141615
3.141614
3.141613
3.141614
3.141614
3.141616
3.141613
3.141613
3.141612
3.141612
3.141612
3.141612
3.141611
3.141611
3.141611
3.141612
3.141614
3.141613
3.141614
3.141615
3.141615
3.141616
3.141615
3.141615
3.141615
3.141614
3.141615
3.141616
3.141615
3.141613
3.141613
3.141613
3.141614
3.141612
3.141612
3.141613
3.141614
3.141614
3.141614
3.141614
3.141614
3.141615
3.141614
3.141615
3.141615
3.141617
3.141616
3.141615
3.141617
3.141617
3.141618
3.141619
3.14162
3.141621
3.141622
3.141624
3.141625
3.141625
3.141625
3.141625
3.141625
3.141622
3.141622
3.141622
3.141622
3.141622
3.141623
3.141623
3.141624
3.141625
3.141625
3.141625
3.141626
3.141625
3.141625
3.141624
3.141623
3.141623
3.141622
3.141622
3.14162
3.141619
3.14162
3.141621
3.14162
3.141619
3.141618
3.141616
3.141617
3.141616
3.141617
3.141617
3.141616
3.141616
3.141617
3.141618
3.141617
3.141615
3.141615
3.141616
3.141617
3.141615
3.141616
3.141616
3.141616
3.141617
3.141616
3.141615
3.141616
3.141616
3.141616
3.141616
3.141616
3.141617
3.141617
3.141617
3.141617
3.141618
3.141619
3.141618
3.141618
3.141619
3.141619
3.141619
3.14162
3.141621
3.14162
3.141619
3.14162
3.141621
3.141622
3.141621
3.141619
3.141618
3.141618
3.14162
3.141622
3.141623
3.141623
3.141622
3.141622
3.141622
3.141622
3.141622
3.141622
3.141622
3.141621
3.141623
3.141623
3.141621
3.141621
3.141622
3.141623
3.141624
3.141626
3.141627
3.141627
3.141627
3.141627
3.141626
3.141627
3.141626
3.141626
3.141624
3.141623
3.141623
3.141624
3.141624
3.141624
3.141625
3.141625
3.141625
3.141626
3.141627
3.141626
3.141625
3.141625
3.141623
3.141622
3.141622
3.141623
3.141623
3.141625
3.141623
3.141625
3.141625
3.141624
3.141624
3.141625
3.141624
3.141624
3.141624
3.141624
3.141624
3.141623
3.141623
3.141621
3.141622
3.141622
3.141621
3.141622
3.141623
3.141624
3.141623
3.141624
3.141625
3.141625
3.141626
3.141625
3.141624
3.141623
3.141623
3.141621
3.141619
3.141619
3.141619
3.141619
3.141619
3.141619
3.14162
3.14162
3.141621
3.141621
3.141621
3.141621
3.141622
3.141622
3.141621
3.141619
3.141618
3.141618
3.141617
3.141619
3.141619
3.141619
3.141619
3.141619
3.141618
3.14162
3.141621
3.141621
3.14162
3.141619
3.141618
3.141618
3.141619
3.141621
3.141621
3.141622
3.141623
3.141623
3.141623
3.141623
3.141624
3.141623
3.141623
3.141623
3.141623
3.141622
3.141621
3.141622
3.141622
3.141622
3.141621
3.141622
3.141621
3.141621
3.141621
3.141622
3.141622
3.141622
3.141622
3.141621
3.141622
3.141622
3.14162
3.14162
3.141621
3.141622
3.141622
3.141622
3.141623
3.141623
3.141621
3.141624
3.141624
3.141624
3.141623
3.141624
3.141623
3.141625
3.141625
3.141624
3.141623
3.141622
3.141622
3.14162
3.14162
3.14162
3.141621
3.14162
3.14162
3.14162
3.14162
3.14162
3.141621
3.14162
3.14162
3.141621
3.141621
3.141621
3.141622
3.141623
3.141622
3.141622
3.141623
3.141622
3.141622
3.141623
3.141623
3.141624
3.141625
3.141624
3.141625
3.141625
3.141626
3.141626
3.141627
3.141626
3.141624
3.141625
3.141626
3.141625
3.141626
3.141626
3.141626
3.141627
3.141628
3.141628
3.141627
3.141626
3.141624
3.141624
3.141624
3.141624
3.141624
3.141623
3.141622
3.141622
3.141624
3.141622
3.141622
3.141622
3.141622
3.141622
3.141621
3.14162
3.14162
3.141619
3.141619
3.141618
3.141617
3.141617
3.141617
3.141618
3.141618
3.141616
3.141617
3.141619
3.14162
3.14162
3.14162
3.14162
3.14162
3.141621
3.14162
3.141621
3.141621
3.14162
3.14162
3.141621
3.14162
3.14162
3.141621
3.14162
3.141621
3.141621
3.141618
3.141618
3.14162
3.141621
3.141622
3.141621
3.141621
3.141621
3.141621
3.141622
3.141621
3.141621
3.141621
3.141621
3.14162
3.141619
3.141618
3.141618
3.141619
3.141618
3.141619
3.141619
3.14162
3.141619
3.141617
3.141617
3.141619
3.141619
3.141619
3.14162
3.141621
3.14162
3.14162
3.141619
3.141619
3.14162
3.14162
3.141619
3.141619
3.141619
3.141619
3.141619
3.141618
3.141619
3.14162
3.14162
3.141619
3.141619
3.141618
3.14162
3.14162
3.141621
3.141621
3.141619
3.141618
3.141618
3.141618
3.141618
3.141617
3.141617
3.141618
3.141617
3.141617
3.141617
3.141616
3.141615
3.141613
3.141613
3.141612
3.14161
3.141611
3.141612
3.141612
3.141612
3.141614
3.141614
3.141614
3.141615
3.141614
3.141615
3.141614
3.141613
3.141613
3.141614
3.141613
3.141613
3.141612
3.141612
3.141611
3.14161
3.141611
3.141611
3.141611
3.141611
3.141611
3.14161
3.14161
3.141609
3.14161
3.14161
3.141611
3.141611
3.141611
3.14161
3.141609
3.141611
3.141611
3.141609
3.141609
3.14161
3.14161
3.14161
3.14161
3.14161
3.14161
3.141609
3.141609
3.141609
3.141609
3.14161
3.141609
3.141611
3.141611
3.14161
3.14161
3.141612
3.141613
3.141613
3.141613
3.141613
3.141612
3.141613
3.141612
3.141613
3.141612
3.141613
3.141613
3.141613
3.141614
3.141615
3.141614
3.141614
3.141613
3.141613
3.141614
3.141613
3.141612
3.141611
3.141612
3.141613
3.141615
3.141615
3.141614
3.141614
3.141613
3.141613
3.141613
3.141611
3.141611
3.141612
3.141612
3.141613
3.141615
3.141616
3.141616
3.141615
3.141616
3.141616
3.141616
3.141615
3.141616
3.141616
3.141616
3.141616
3.141616
3.141616
3.141618
3.141617
3.141616
3.141617
3.141617
3.141616
3.141616
3.141617
3.141615
3.141616
3.141616
3.141616
